
    Variable |       Obs        Mean    Std. Dev.       Min        Max
-------------+--------------------------------------------------------
         ids |      9045    10063.24    5948.122          1      19958
      clsids |      9045    231.1479    127.4013          1        436
    w2clsids |      9045    270.9964    156.2555          1        555
      schids |      9045    59.92526    32.80967          1        112
      ctyids |      9045    15.36949     8.19755          1         28
-------------+--------------------------------------------------------
     w2frame |      9045    1.762742    .9330084          1          3
 w2subsample |      9045    1.799337    .9276573          1          3
      w2fall |      9045    .6084024    .4881345          0          1
   w2sweight |      9045    1598.345    1354.133   31.50632   7589.804
 w1w2sweight |      8630     1673.21    1408.003   31.50632   6267.382
-------------+--------------------------------------------------------
    w2status |      9045    1.091763    .4184802          1          3
     w2mtype |         0
   w2mreason |         0
     w2clsra |      9045    .1572139    .3640225          0          1
    w2coglmh |      8630    2.033372    .8127781          1          3
-------------+--------------------------------------------------------
   w2cogtype |      8973    2.031873    .7958657          1          3
  w2cogscore |      9045    22.93698    6.771105          0         35
    w2cog3pl |      8973    .3060284    .8200784  -3.136649   2.062761
       w2chn |      8858    81.72731      20.091          0      142.5
     w2upchn |      9045    119.8541    18.62123        100        150
-------------+--------------------------------------------------------
       w2mat |      8862    75.72089    31.84492          0        164
     w2upmat |      9045    119.7148    18.69429        100        150
       w2eng |      8856    73.16524     29.8558          0        150
     w2upeng |      9045    119.1609    18.69034        100        150
       w2a01 |      8921    1.174532    .3795876          1          2
-------------+--------------------------------------------------------
       w2a02 |      9045    1.668988    .7952028          1          4
       w2a03 |      8955    1.031937    .1758434          1          2
       w2a04 |      8957    4.079379    1.218006          1          5
       w2a05 |      8928    1.556564    .4968181          1          2
     w2a0601 |      5148    .2062937    .4641649          0          6
-------------+--------------------------------------------------------
     w2a0602 |      5146    .3767975    .5243145          0          6
     w2a0603 |      5145    .4101069    .6307742          0          4
     w2a0604 |      5153    .2614011    .4951027          0          4
     w2a0701 |      8987    .8318683     .374004          0          1
     w2a0702 |      8987    .8717036    .3344382          0          1
-------------+--------------------------------------------------------
     w2a0703 |      8987    .0152442    .1225297          0          1
     w2a0704 |      8987    .0146879    .1203069          0          1
     w2a0705 |      8987    .4285078      .49489          0          1
     w2a0706 |      8987    .3225771    .4674884          0          1
     w2a0707 |      8987    .0905753    .2870201          0          1
-------------+--------------------------------------------------------
     w2a0708 |      8987    .0094581    .0967972          0          1
     w2a0801 |      9012    .9173324    .2753943          0          1
    w2a0801a |      8233    1.059395    .2363771          1          2
     w2a0802 |      9011    .0714682    .2576196          0          1
    w2a0802a |       472    2003.447    422.1145          0       9998
-------------+--------------------------------------------------------
    w2a0802b |       621    1.465378    .5395722          1          3
  w2a0802c01 |       615    .3674797    .4825111          0          1
  w2a0802c02 |       615    .3934959    .4889229          0          1
  w2a0802c03 |       615    .4130081    .4927751          0          1
     w2a0803 |      9012     .018087    .1332735          0          1
-------------+--------------------------------------------------------
    w2a0803a |       161    1.689441    .4641663          1          2
     w2a0804 |      9012    .0117621    .1078195          0          1
    w2a0804a |       105    1.638095    .4828563          1          2
       w2a09 |      9007    2.934162    .6102571          1          5
       w2a10 |      8988    1.221406    .4152165          1          2
-------------+--------------------------------------------------------
       w2a11 |      9017    3.058667    1.161912          1          5
       w2a12 |      9008     1.36623    .8860218          0          2
       w2a13 |      8944    8.328265    3.487942          1         14
       w2a14 |      8923    9.090216    3.436137          1         14
       w2a15 |      9011    1.910221     .285881          1          2
-------------+--------------------------------------------------------
       w2a16 |      8969    1.902665    .2964303          1          2
       w2a17 |      8954    1.102077    .3027668          1          2
       w2a18 |      9000    2.052889    1.163242          1          4
       w2a19 |      8977    1.730756    1.019214          1          4
     w2a2001 |      9036    2.451085    .5566302          1          3
-------------+--------------------------------------------------------
     w2a2002 |      9023    2.268203    .5926607          1          3
     w2a2003 |      9030    2.099225    .6544441          1          3
     w2a2004 |      9013    2.034617    .6487722          1          3
     w2a2005 |      8987    2.506398    .6212698          1          3
     w2a2006 |      9029    2.258279    .6538538          1          3
-------------+--------------------------------------------------------
    w2a2101a |      8910    2.032997    .6357038          1          3
    w2a2101b |      8731    2.350132    .6545853          1          3
    w2a2102a |      8892     1.90677    .6807038          1          3
    w2a2102b |      8719    2.203349    .6982479          1          3
    w2a2103a |      8887    1.947676    .7037303          1          3
-------------+--------------------------------------------------------
    w2a2103b |      8703    2.182351    .7129824          1          3
    w2a2104a |      8899    1.824812    .7329298          1          3
    w2a2104b |      8728    2.124313    .7722203          1          3
       w2a22 |      9006    2.502776    .5798227          1          3
       w2a23 |      9003    2.703765    .5016018          1          3
-------------+--------------------------------------------------------
       w2a24 |      8943    5.440344     1.19624          1          6
       w2a25 |      8919    2.314834    1.202055          1          6
       w2a26 |      8978    2.228781    1.324825          1          6
       w2a27 |      9007    2.124903    .8743186          1          4
       w2a28 |      8973    6.842082    1.630462          1         10
-------------+--------------------------------------------------------
       w2a29 |      8990      2.9396    1.080486          1          5
       w2a30 |      9000    6.567667    4.732831          1         14
       w2a31 |      9020    5.343237    1.673126          1          8
       w2a32 |      8992    3.067949    .7056884          1          4
       w2b01 |      8789    48.58812    13.27893          0         99
-------------+--------------------------------------------------------
       w2b02 |      9023    2.447634    .8880476          1          4
       w2b03 |      9023    2.828771    .7568831          1          4
       w2b04 |      9022    2.333961    .9851336          1          4
     w2b0501 |      9035    2.706696     .864698          1          4
     w2b0502 |      9030    2.744075    .8553324          1          4
-------------+--------------------------------------------------------
     w2b0503 |      9023    2.749196    .8893213          1          4
     w2b0504 |      9023    2.469024    .9390121          1          4
     w2b0505 |      9028     2.54918     .906457          1          4
     w2b0506 |      9011     2.56431    .9510484          1          4
     w2b0507 |      9029    2.338465     .955921          1          4
-------------+--------------------------------------------------------
     w2b0508 |      9013    2.426495    .9396192          1          4
     w2b0509 |      9021    2.376012     .956514          1          4
     w2b0601 |      9028    2.236043    .9540217          1          4
     w2b0602 |      9015    1.858125    .8943244          1          4
     w2b0603 |      9010    2.325083     .899725          1          4
-------------+--------------------------------------------------------
     w2b0604 |      9004     1.87028    .8452707          1          4
     w2b0605 |      9015    3.295507    .7648223          1          4
     w2b0606 |      9015    3.117249    .8899426          1          4
     w2b0607 |      9009    2.845599    .9722063          1          4
     w2b0608 |      8996    2.953535     .898184          1          4
-------------+--------------------------------------------------------
     w2b0609 |      9001    1.760249    .9052082          1          4
     w2b0610 |      9019    1.576893    .9012832          1          4
      w2b07a |      9032     3.51395    1.150998          1          6
      w2b07b |      9016    1.759428    1.034148          1          6
      w2b07c |      8994    1.594619    1.226218          1          6
-------------+--------------------------------------------------------
      w2b07d |      9000    1.374333    .9108421          1          6
      w2b07e |      9021    2.459151    1.399643          1          6
      w2b07f |      9009    2.217671    1.420642          1          6
      w2b08a |      9021    3.005653    1.038863          1          6
      w2b08b |      9006    1.598157    .8290083          1          6
-------------+--------------------------------------------------------
      w2b08c |      8992    1.676713    1.139732          1          6
      w2b08d |      9004    1.366837    .8108545          1          6
      w2b08e |      9011    2.759294    1.200486          1          6
      w2b08f |      8993    2.586345    1.344605          1          6
       w2b09 |      9017    2.109349    1.275415          1          6
-------------+--------------------------------------------------------
       w2b10 |      9030    2.413732    1.491227          1          6
     w2b1100 |      9026    .5009971    .5000267          0          1
     w2b1101 |      9026    .0293596    .1688218          0          1
     w2b1102 |      9026    .2389763    .4264819          0          1
     w2b1103 |      9026    .1063594    .3083141          0          1
-------------+--------------------------------------------------------
     w2b1104 |      9026    .2262353    .4184164          0          1
     w2b1105 |      9026    .0634833    .2438437          0          1
     w2b1106 |      9026    .0351208    .1840952          0          1
     w2b1107 |      9026    .1110126    .3141652          0          1
     w2b1108 |      9026    .0357855    .1857653          0          1
-------------+--------------------------------------------------------
     w2b1109 |      9026    .0165079    .1274251          0          1
     w2b1110 |      9026    .0744516    .2625189          0          1
     w2b1111 |      9026    .0494128    .2167404          0          1
     w2b1200 |      9015    .1313367    .3377869          0          1
     w2b1201 |      9015    .1877981    .3905725          0          1
-------------+--------------------------------------------------------
     w2b1202 |      9015    .3408763    .4740301          0          1
     w2b1203 |      9015    .1141431    .3180026          0          1
     w2b1204 |      9015    .3528564     .477885          0          1
     w2b1205 |      9015    .1799224    .3841441          0          1
     w2b1206 |      9015    .3572934    .4792289          0          1
-------------+--------------------------------------------------------
     w2b1207 |      9015    .0705491    .2560843          0          1
     w2b1300 |      9002     .046323    .2101954          0          1
     w2b1301 |      9002    .5353255    .4987783          0          1
     w2b1302 |      9002    .2052877    .4039341          0          1
     w2b1303 |      9002    .5803155    .4935347          0          1
-------------+--------------------------------------------------------
     w2b1304 |      9002    .3283715    .4696468          0          1
     w2b1305 |      9002    .1029771    .3039459          0          1
     w2b1401 |      8987    .2952042    .4561599          0          1
     w2b1402 |      8987    .0928007    .2901691          0          1
     w2b1403 |      8987    .4642261    .4987463          0          1
-------------+--------------------------------------------------------
     w2b1404 |      8987    .2113052    .4082571          0          1
     w2b1405 |      8987    .6296873    .4829153          0          1
     w2b1406 |      8987    .1484366    .3555521          0          1
       w2b15 |      8876    1.691978    .4617016          1          2
       w2b16 |      9007    3.316865    2.475545          1         11
-------------+--------------------------------------------------------
       w2b17 |      8745     24.5984    32.20647          0        999
       w2b18 |      8976    6.895499    1.727638          1         10
       w2b19 |      9024    5.613697    3.539604          1         13
       w2b20 |      8976    4.903409    1.298178          1          7
       w2b21 |      8918      3.1146    .7143948          1          4
-------------+--------------------------------------------------------
       w2c01 |      8939    163.1153    17.19184          0        998
       w2c02 |      8859    51.51123    15.32325          0        998
       w2c03 |      8979    3.148346     .925999          1          5
       w2c04 |      8973     3.86047    .9333154          1          5
       w2c05 |      8943    1.971039    .4500924          1          3
-------------+--------------------------------------------------------
       w2c06 |      8784    2.271061    12.54529          0        366
    w2c0701a |      8914    1.902064    .3201421          1          3
    w2c0701b |        61    24.19672    33.65453          0         99
    w2c0701c |        63    58.30159    44.50829          0         99
    w2c0702a |      8908    1.932757    .3803766          1          3
-------------+--------------------------------------------------------
    w2c0702b |       354    9.822034     14.2254          0         99
    w2c0702c |       341    21.15249     31.4012          0         99
    w2c0703a |      8886    1.910646    .3091282          1          3
    w2c0703b |        60    21.23333    33.28173          0         99
    w2c0703c |        63    50.14286     45.6052          0         99
-------------+--------------------------------------------------------
    w2c0704a |      8887    1.915832    .3047088          1          3
    w2c0704b |        65    22.01538    31.37151          0         99
    w2c0704c |        71    46.40845    44.13407          0         99
    w2c0705a |      8899    1.979661    .3824244          1          3
    w2c0705b |       549    10.68306     11.2763          0         99
-------------+--------------------------------------------------------
    w2c0705c |       538    13.15613    17.19853          0         99
    w2c0706a |      8823     1.95217    .3322423          1          3
    w2c0706b |       278    13.05755    16.08159          0         99
    w2c0706c |       273    20.83883    28.68086          0         99
       w2c08 |      8782    1.787862    .4088457          1          2
-------------+--------------------------------------------------------
      w2c08a |      6409    4.144578    1.455058          0        9.2
      w2c08b |      6402    4.149078    1.453738          0        8.5
       w2c09 |      8887    2.054124    .8681323          1          3
      w2c09a |      3031    267.5734    144.9012          0        950
      w2c09b |      3030    279.5488    146.3052          0        999
-------------+--------------------------------------------------------
       w2c10 |      5669    2.038278    .2972153          1          3
       w2c11 |      8916    1.728017    .4450061          1          2
      w2c11a |      2300    2.056957    1.243957          0          9
       w2c12 |      3270    1.643731    .4789693          1          2
      w2c13a |      8841    3.370433    1.940572          0          7
-------------+--------------------------------------------------------
      w2c13b |      8816    46.10299    46.31608          0        999
      w2c14a |      4608     9.31033    12.46092          0        180
      w2c14b |      4285    32.47048    14.34564          0        401
       w2c15 |      8976    2.700201    .8130029          1          5
       w2c16 |      8936    2.840868    .8629484          1          5
-------------+--------------------------------------------------------
       w2c17 |      9003    1.381317    .4857372          1          2
      w2c17a |      5523    1.304001    .6982907          1          8
      w2c18a |      8823    7.757225    1.255863          1         22
      w2c18b |      8189    16.26279    15.90241          0         60
     w2c1900 |      8975         .56    .4964146          0          1
-------------+--------------------------------------------------------
     w2c1901 |      8975    .0977159    .2969466          0          1
     w2c1902 |      8975    .1318106    .3383036          0          1
     w2c1903 |      8975    .0791086    .2699233          0          1
     w2c1904 |      8975    .1754875    .3804047          0          1
     w2c1905 |      8975    .0512535    .2205266          0          1
-------------+--------------------------------------------------------
     w2c1906 |      8975    .0514763    .2209795          0          1
     w2c1908 |      8975    .1398329    .3468329          0          1
     w2c1909 |      8975    .0762117    .2653513          0          1
     w2c1907 |      8975    .0167131    .1282014          0          1
       w2c20 |      8960    1.353013    .4779335          1          2
-------------+--------------------------------------------------------
       w2c21 |      8907    1.371169    .4831446          1          2
      w2c22a |      4434    61.21696    42.61819          0         99
      w2c22b |      4265    20.74045    25.24373          0         99
       w2c23 |      8955    3.078504    .6671905          1          5
     w2c2401 |      9027     3.24183    .9270467          1          4
-------------+--------------------------------------------------------
     w2c2402 |      9026    3.107467     .868262          1          4
     w2c2403 |      9023    3.106616    .8727147          1          4
     w2c2404 |      9022    3.336622    .8108209          1          4
     w2c2501 |      9031    2.303399    1.049848          1          5
     w2c2502 |      9001    2.227086    1.090455          1          5
-------------+--------------------------------------------------------
     w2c2503 |      9014    2.300754    1.066608          1          5
     w2c2504 |      9008    1.914853     1.09338          1          5
     w2c2505 |      9015    2.142429    1.077696          1          5
     w2c2506 |      9022    2.120594     1.05627          1          5
     w2c2507 |      9012     2.37905    1.060545          1          5
-------------+--------------------------------------------------------
     w2c2508 |      8999    2.043783    1.093473          1          5
     w2c2509 |      8984    2.316785    1.184073          1          5
     w2c2510 |      9026     2.12885    1.098231          1          5
     w2c2601 |      9022    3.007205    .8433791          1          4
     w2c2602 |      9006    2.748723    .9220815          1          4
-------------+--------------------------------------------------------
     w2c2603 |      9008    1.568051    .7868327          1          4
     w2c2604 |      9001    1.634152    .8399909          1          4
     w2c2605 |      9002    2.015885    .9681478          1          4
     w2c2606 |      8991    2.896674     .984813          1          4
     w2c2607 |      8966    2.557997    1.071214          1          4
-------------+--------------------------------------------------------
     w2d0101 |      9025    3.142382    1.068573          1          5
     w2d0102 |      9013    4.049484    .9814033          1          5
     w2d0103 |      9014    4.191924    .8698745          1          5
     w2d0201 |      9028    2.221865     .979156          1          5
     w2d0202 |      9017    1.840523    .8781505          1          5
-------------+--------------------------------------------------------
     w2d0203 |      9009    1.343101    .6943116          1          5
     w2d0204 |      9016    1.145408    .5009553          1          5
     w2d0205 |      9017    1.871687    .9826885          1          5
     w2d0206 |      8990    2.235595    1.033589          1          5
     w2d0207 |      9023    1.090768     .420683          1          5
-------------+--------------------------------------------------------
     w2d0208 |      9004    1.495446    .7840755          1          5
     w2d0209 |      9022    1.105076    .4716068          1          5
     w2d0210 |      9028    1.205583    .6362659          1          5
     w2d0301 |      9018    2.099246    .8923526          1          4
     w2d0302 |      8976    1.789104    .8812358          1          4
-------------+--------------------------------------------------------
     w2d0303 |      8997    1.990441    .9420266          1          4
     w2d0304 |      9007    2.627734    1.037215          1          4
     w2d0305 |      8993    2.732236    .9359625          1          4
     w2d0306 |      8991    3.292737    .8231573          1          4
     w2d0307 |      9007    3.249473    .7809379          1          4
-------------+--------------------------------------------------------
     w2d0308 |      8993     2.88858    .8611549          1          4
     w2d0309 |      9013    2.932653    .8345167          1          4
       w2d04 |      8990    1.583871    .4929429          1          2
       w2d05 |      9001    1.881458    .3232672          1          2
     w2d0601 |      8959     .170778    .3763359          0          1
-------------+--------------------------------------------------------
     w2d0602 |      8959       .0317    .1752099          0          1
     w2d0603 |      8959    .0176359    .1316313          0          1
     w2d0604 |      8959    .8196227    .3845228          0          1
       w2d07 |      8952    2.026698    .7554678          1          5
       w2d08 |      8860     1.12088    .3260066          1          2
-------------+--------------------------------------------------------
       w2d09 |      8648    11.06614    16.62063          0         99
    w2d10b01 |      8839    1.494174    .4999943          1          2
    w2d10c01 |      8779    1.169154    .3749089          1          2
    w2d10d01 |      8827    1.161437    .3679539          1          2
    w2d10e01 |      8823    1.320526    .4667052          1          2
-------------+--------------------------------------------------------
    w2d10b02 |      8586     1.49604    .5000134          1          2
    w2d10c02 |      8526    1.160568    .3671532          1          2
    w2d10d02 |      8571    1.161825    .3683115          1          2
    w2d10e02 |      8566    1.322788    .4675696          1          2
    w2d10b03 |      8118    1.492855    .4999797          1          2
-------------+--------------------------------------------------------
    w2d10c03 |      8062    1.154924     .361855          1          2
    w2d10d03 |      8111    1.161509    .3680225          1          2
    w2d10e03 |      8108    1.324618    .4682607          1          2
    w2d10b04 |      7336    1.485005    .4998092          1          2
    w2d10c04 |      7288    1.158891    .3655998          1          2
-------------+--------------------------------------------------------
    w2d10d04 |      7327    1.178654    .3830887          1          2
    w2d10e04 |      7319    1.344446    .4752197          1          2
    w2d10b05 |      6659    1.463883    .4987313          1          2
    w2d10c05 |      6617    1.153091    .3601019          1          2
    w2d10d05 |      6651    1.194858    .3961211          1          2
-------------+--------------------------------------------------------
    w2d10e05 |      6641     1.36636    .4818459          1          2
     w2d1101 |      8978    2.340499    .6081485          1          3
     w2d1102 |      8957    2.365413    .6332146          1          3
     w2d1103 |      8955    2.605472    .5932322          1          3
     w2d1104 |      8963    1.125404    .3871176          1          3
-------------+--------------------------------------------------------
     w2d1105 |      8977    1.167428    .4247464          1          3
     w2d1106 |      8976    1.184046    .4460855          1          3
     w2d1107 |      8978    1.140789    .4046685          1          3
     w2d1108 |      8970    1.189186    .4629128          1          3
     w2d1109 |      8970    1.331661    .5468678          1          3
-------------+--------------------------------------------------------
     w2d1110 |      8976    1.081774    .3201633          1          3
       w2d12 |      9009    1.261183    .8209104          1          5
       w2d13 |      8999    1.565507    .9542277          1          5
       w2d14 |      8988    1.412328    .8293811          1          5
       w2d15 |      8963    1.047975    .2137253          1          2
-------------+--------------------------------------------------------
       w2d16 |      8959    1.052126    .2222942          1          2
      w2ba01 |      9012    1.863515    1.319468          1         10
    w2ba0201 |      8986    .7611841    .4263838          0          1
    w2ba0202 |      8986    .7962386     .402816          0          1
    w2ba0203 |      8986    .0110171    .1043886          0          1
-------------+--------------------------------------------------------
    w2ba0204 |      8986     .009793    .0984794          0          1
    w2ba0205 |      8986    .3716893    .4832829          0          1
    w2ba0206 |      8986    .2945693    .4558743          0          1
    w2ba0207 |      8986    .0697752     .254782          0          1
    w2ba0208 |      8986     .007456    .0860307          0          1
-------------+--------------------------------------------------------
      w2ba03 |      8988    1.975189    .8029008          1          4
      w2ba04 |      8712    31.28719    52.10543          0        999
      w2ba05 |      8999    1.700633    .8200848          1          4
      w2ba06 |      9019    2.112651    .6094497          1          3
      w2ba07 |      9024    1.976175    .7094834          1          3
-------------+--------------------------------------------------------
      w2ba08 |      9004    2.714904    .7739769          1          4
      w2ba09 |      8995    1.706615    .4553388          1          2
     w2ba09a |      2555    1.206262    .6041814          0          7
      w2ba10 |      8983    1.443504    .4968256          1          2
     w2ba10a |      4816    1.151578    .4120077          0          5
-------------+--------------------------------------------------------
      w2ba11 |      8921    5.574487    1.010525          1          6
      w2ba12 |      8940    2.061298    1.063401          1          6
      w2ba13 |      8983    2.095514    1.182239          1          6
    w2ba1400 |      8952    .0829982    .2758949          0          1
    w2ba1401 |      8952    .4867069    .4998512          0          1
-------------+--------------------------------------------------------
   w2ba1401a |      4027    3.407748    4.361932          1         24
    w2ba1402 |      8952    .7744638    .4179583          0          1
   w2ba1402a |      6351    4.352071    4.771582          1         24
    w2ba1403 |      8952    .0977435    .2969841          0          1
   w2ba1403a |       806    4.063275    5.063543          1         24
-------------+--------------------------------------------------------
    w2ba1404 |      8952    .2336908    .4232014          0          1
   w2ba1404a |      1889    4.775543    5.581201          1         24
    w2ba1405 |      8952    .0287087    .1669958          0          1
   w2ba1405a |       233    5.055794    5.682806          1         24
    w2ba1500 |      8919    .4096872    .4918035          0          1
-------------+--------------------------------------------------------
    w2ba1501 |      8919    .2940913    .4556587          0          1
   w2ba1501a |      9045     .419016    .9084551          0         15
    w2ba1502 |      8919    .3991479    .4897507          0          1
   w2ba1502a |      9045     .644555    1.185393          0         12
    w2ba1503 |      8919    .0793811    .2703478          0          1
-------------+--------------------------------------------------------
   w2ba1503a |       640    1.995313    1.515174          1         12
    w2ba1504 |      8919    .0343088    .1820313          0          1
   w2ba1504a |       283    2.551237    3.164524          1         24
    w2ba1505 |      8919    .0294876    .1691783          0          1
   w2ba1505a |       231    2.727273    3.054447          1         24
-------------+--------------------------------------------------------
    w2ba1600 |      8926    .3452834    .4754872          0          1
    w2ba1601 |      8926    .3220928    .4673045          0          1
   w2ba1601a |      2521    1.518842    1.589569          1         24
    w2ba1602 |      8926    .4156397    .4928596          0          1
   w2ba1602a |      3220    1.724224    1.892835          1         24
-------------+--------------------------------------------------------
    w2ba1603 |      8926     .236052    .4246783          0          1
   w2ba1603a |      1831    2.863463    3.118591          1         24
    w2ba1604 |      8926    .0544477    .2269117          0          1
   w2ba1604a |       424    2.113208    2.658038          1         24
    w2ba1605 |      8925    .0317087    .1752332          0          1
-------------+--------------------------------------------------------
   w2ba1605a |       243    2.736626    2.350615          1         12
    w2ba1701 |      9000    2.364222    .5224252          1          3
    w2ba1702 |      8918    2.263063      .56384          1          3
    w2ba1703 |      8954    2.214876    .6186515          1          3
    w2ba1704 |      8942    2.113174    .6155234          1          3
-------------+--------------------------------------------------------
    w2ba1705 |      8936     2.54812    .5649042          1          3
    w2ba1706 |      8962     2.33921     .579646          1          3
      w2ba18 |      8973    3.299342     1.07902          1          6
      w2ba19 |      8958    2.201384    1.165193          1          5
      w2ba20 |      8985    1.529104    1.048397          0          4
-------------+--------------------------------------------------------
      w2ba21 |      8961    1.659971     .473745          1          2
      w2ba22 |      8444    1057.316    3459.093          0      99999
      w2ba23 |      8882     2.38077     1.15718          0          4
      w2ba24 |      8726     .955879    .4298348          0          2
      w2ba25 |      8288    .7531371    .4871857          0          2
-------------+--------------------------------------------------------
    w2ba2601 |      8990    2.235039    .6066677          1          3
    w2ba2602 |      8977    2.192492    .6281227          1          3
    w2ba2603 |      8973    2.248746    .6453647          1          3
    w2ba2604 |      8983    2.192809    .6784247          1          3
    w2ba2701 |      8979    2.984408    1.008861          1          5
-------------+--------------------------------------------------------
    w2ba2702 |      8950    3.997765    .9887034          1          5
    w2ba2703 |      8957    4.120576    .9289028          1          5
    w2ba2801 |      8987    1.709469    .7835119          1          5
    w2ba2802 |      8973    1.587095    .7458598          1          5
    w2ba2803 |      8956    1.183676    .5022399          1          5
-------------+--------------------------------------------------------
    w2ba2804 |      8970    1.083166     .368203          1          5
    w2ba2805 |      8974    1.846668    .8754496          1          5
    w2ba2806 |      8946    2.294433     .989857          1          5
    w2ba2807 |      8965    1.063915    .3393659          1          5
    w2ba2808 |      8928    1.280242    .5952309          1          5
-------------+--------------------------------------------------------
    w2ba2809 |      8984    1.048753    .3145239          1          5
    w2ba2810 |      8983    1.143827    .5049494          1          5
      w2ba29 |      8992    6.919262    1.577755          1          9
      w2ba30 |      8998    4.936875    3.647283          1         13
      w2ba31 |      8990    4.723026    1.479279          1          7
-------------+--------------------------------------------------------
      w2ba32 |      8946    3.174491    .6949968          1          4
      w2bb01 |      8993    1.519738    .9085612          1          4
      w2bb02 |      8996    2.344931    1.017724          1          4
    w2bb0300 |      8935    .2316732    .4219249          0          1
    w2bb0301 |      8935    .6809177    .4661471          0          1
-------------+--------------------------------------------------------
    w2bb0302 |      8935    .3294908    .4700546          0          1
    w2bb0303 |      8935    .2421936    .4284348          0          1
    w2bb0304 |      8935    .1281477    .3342729          0          1
    w2bb0305 |      8935    .1748181    .3798327          0          1
    w2bb0306 |      8935    .0640179    .2447985          0          1
-------------+--------------------------------------------------------
      w2bb04 |      8910    2.103479    .9867566          1          4
    w2bb0500 |      8895    .2670039    .4424193          0          1
    w2bb0501 |      8895    .6338392    .4817812          0          1
    w2bb0502 |      8895    .2768971    .4474904          0          1
    w2bb0503 |      8895    .2052839    .4039316          0          1
-------------+--------------------------------------------------------
    w2bb0504 |      8895    .1171445    .3216104          0          1
    w2bb0505 |      8895     .137493    .3443864          0          1
    w2bb0506 |      8895    .0703766     .255795          0          1
      w2bb06 |      8961     2.70751    .4809292          1          3
      w2bb07 |      8974    4.360597    .7848382          1          5
-------------+--------------------------------------------------------
      w2bb08 |      8966    4.213696    .8339263          1          5
      w2bb09 |      8861    3.467554    1.195171          1          5
      w2bb10 |      8962    3.280518    .6998317          1          4
      w2bb11 |      8968    3.182761    .6287998          1          4
      w2bb12 |      8970    3.300892      .60629          1          4
-------------+--------------------------------------------------------
      w2bb13 |      8969    2.182741    1.032235          1          5
    w2bb1401 |      9003    .7148728    .4515001          0          1
    w2bb1402 |      9003    .6753304    .4682773          0          1
    w2bb1403 |      9003       .2668    .4423115          0          1
    w2bb1404 |      9003    .4901699    .4999311          0          1
-------------+--------------------------------------------------------
    w2bb1405 |      9003    .0994113    .2992301          0          1
    w2bb1406 |      9003    .8733755    .3325703          0          1
    w2bb1407 |      9003    .4000889    .4899433          0          1
      w2bb15 |      8379    2.641127    .6562286          1          3
      w2bb16 |      8354    2.637299    .6558559          1          3
-------------+--------------------------------------------------------
      w2bb17 |      8359    2.819955     .558177          1          3
      w2bb18 |      8324    2.878424    .4570939          1          3
      w2bb19 |      8360    1.105861    .3803577          1          4
      w2bb20 |      8364    1.094692    .3568573          1          4
     w2bc01a |      6435    1217.208    3295.332          0      99999
-------------+--------------------------------------------------------
     w2bc01b |      6489    359.7397     3251.62          0      99999
     w2bc01c |      6539    158.4264    3205.217          0      99999
     w2bc01d |      6400     129.785    2507.712          0      99999
     w2bc01e |      6664    198.0152    3140.654          0      99999
     w2bc01f |      6597    125.9926    3019.117          0      99999
-------------+--------------------------------------------------------
     w2bc01g |      6907    133.6551    2695.663          0      99999
     w2bc01h |      6827    715.4255    4465.194          0      99999
     w2bc01i |      7050    46518.21    49804.99          0      99999
     w2bc01j |      3855    269.5787     4622.62          0      99999
    w2bc0201 |      8617    .5370779    .4986523          0          1
-------------+--------------------------------------------------------
    w2bc0202 |      8617    .1068817    .3089808          0          1
    w2bc0203 |      8617    .1593362    .3660105          0          1
   w2bc0203a |      1159    646.9879    487.5361          0      10000
    w2bc0204 |      8617     .058489    .2346795          0          1
    w2bc0205 |      8617     .327144    .4691976          0          1
-------------+--------------------------------------------------------
      w2bc03 |      8981    3.394611    .6856385          1          5
      w2bc04 |      8983    3.311923    .9472853          1          5
      w2bc05 |      8983    3.067238     1.06321          1          5
      w2bc06 |      9000    1.971222    .8453968          1          4
      w2bc07 |      3228    2.215613    1.348705          1          4
-------------+--------------------------------------------------------
    w2bc0800 |      2279    .5370777    .4987328          0          1
    w2bc0801 |      2279    .2053532    .4040482          0          1
    w2bc0802 |      2279     .081176    .2731651          0          1
    w2bc0803 |      2279    .1842914    .3878067          0          1
    w2bc0804 |      2279    .1096972    .3125806          0          1
-------------+--------------------------------------------------------
    w2bc0805 |      2279     .180781    .3849211          0          1
    w2bc0806 |      2279    .1004827    .3007085          0          1
    w2bc0807 |      2279    .0443177    .2058451          0          1
    w2bc0808 |      2279    .0566038    .2311347          0          1
    w2bc0809 |      2279    .0351031    .1840808          0          1
-------------+--------------------------------------------------------
      w2bc09 |      3265    1.963247    1.403295          1          6
      w2bd01 |      8894    1.177985    .3825218          1          2
      w2bd02 |      8644    1.636742    .7666069          1          4
      w2bd03 |      4343    6558.921    3969.355          0       9999
      w2bd04 |      8474    2.992471    1.928178          0        9.7
-------------+--------------------------------------------------------
     w2bd05a |      8322     28.7342    5.584306          0         70
     w2bd05b |      8333    26.92704     5.36276          0         91
   w2bd0601a |      8758    1.006851    .0824907          1          2
   w2bd0601b |        53    18.88679    30.42814          0         99
   w2bd0601c |        54     37.2037    43.26504          0         99
-------------+--------------------------------------------------------
   w2bd0602a |      8762     1.03013     .170955          1          2
   w2bd0602b |       249    7.983936    15.03141          0         99
   w2bd0602c |       231    16.82251    29.03818          0         99
   w2bd0603a |      8741    1.006979    .0832508          1          2
   w2bd0603b |        52    14.67308     28.3782          0         99
-------------+--------------------------------------------------------
   w2bd0603c |        50       43.06    46.41578          0         99
   w2bd0604a |      8731    1.007216    .0846429          1          2
   w2bd0604b |        60    17.63333    28.86436          0         99
   w2bd0604c |        55    40.16364    44.07853          0         99
   w2bd0605a |      8754    1.051291    .2206029          1          2
-------------+--------------------------------------------------------
   w2bd0605b |       433    10.38106    11.22808          0         99
   w2bd0605c |       401    12.71072    16.88153          0         99
   w2bd0606a |      8562    1.022425    .1480688          1          2
   w2bd0606b |       183    12.48634    16.51368          0         99
   w2bd0606c |       171     22.7076    31.89776          0         99
-------------+--------------------------------------------------------
     w2bd07a |      8772    162.8299    9.975801          0        192
     w2bd07b |      8713    53.40388    24.11847          0        672
      w2bd08 |      8955    4.188945     .870194          1          5
      w2bd09 |      8850    2.084407     .881109          1          3
     w2bd09a |      2815    264.6956    143.5088          0        950
-------------+--------------------------------------------------------
     w2bd09b |      2820    276.0436    144.4705          0        999
      w2bd10 |      5428    2.023766    .2524741          1          3
    w2bd1100 |      8761    .9571967     .202425          0          1
    w2bd1101 |      8761    .0207739    .1426347          0          1
    w2bd1102 |      8761    .0058213    .0760791          0          1
-------------+--------------------------------------------------------
    w2bd1103 |      8761    .0017121    .0413449          0          1
    w2bd1104 |      8761    .0054788    .0738203          0          1
    w2bd1105 |      8761    .0025111    .0500511          0          1
    w2bd1106 |      8761    .0092455    .0957136          0          1
    w2bd1107 |      8761    .0001141    .0106837          0          1
-------------+--------------------------------------------------------
    w2bd1108 |      8761    .0043374    .0657197          0          1
    w2bd1201 |      8781    .0355313    .1851289          0          1
   w2bd1201a |       134    55.97015    21.87557          5        100
    w2bd1202 |      8781    .2686482    .4432818          0          1
    w2bd1203 |      8781    .3695479    .4827098          0          1
-------------+--------------------------------------------------------
    w2bd1204 |      8781    .2140986    .4102189          0          1
    w2bd1205 |      8781    .4510876    .4976302          0          1
    w2bd1206 |      8781    .0742512    .2621942          0          1
    w2bd1207 |      8781    .0224348    .1481012          0          1
    w2bd1208 |      8781    .0756178    .2644007          0          1
-------------+--------------------------------------------------------
    w2bd1301 |      8812    3.254199    .7675311          1          4
    w2bd1302 |      8803    3.168125    .7477282          1          4
    w2bd1303 |      8794    3.073573    .7616862          1          4
    w2bd1304 |      8817    3.337303    .7235083          1          4
      w2be01 |      8171    1971.422    166.4926          0       9971
-------------+--------------------------------------------------------
      w2be02 |      8989      1.4817    1.718192          1          8
      w2be03 |      8878    1.145528    .3526525          1          2
      w2be04 |      8751    1.613873    .7763855          1          4
      w2be05 |      4108    6421.611    3989.319          0       9999
      w2be06 |      8799    1.197068    .3978066          1          2
-------------+--------------------------------------------------------
      w2be07 |      8891    2.710156    .6975832          1          3
      w2be08 |      8972    4.225702    1.989829          1          9
      w2be09 |      8948    8.527716    3.411303          1         14
      w2be10 |      8007     1975.25    219.4263          0       9998
      w2be11 |      8951    1.499609    1.734943          1          8
-------------+--------------------------------------------------------
      w2be12 |      8946    1.109993    .3128989          1          2
      w2be13 |      8764    1.606458    .7692654          1          4
      w2be14 |      4055    6397.712    3989.389          0       9999
      w2be15 |      8762    1.196302    .3972224          1          2
      w2be16 |      8868    2.860735    .4998035          1          3
-------------+--------------------------------------------------------
      w2be17 |      8949    3.941446    1.985681          1          9
      w2be18 |      8944    9.198792    3.245423          1         14
      w2be19 |       863    1954.264    353.7126          0       9997
      w2be20 |      1063    1.513641    .7987468          1          4
      w2be21 |      1049    3.561487    1.938532          1          9
-------------+--------------------------------------------------------
      w2be22 |      1436    9.816156     3.11515          1         14
      w2be23 |      9045    2.809397    .6103741          1          5
      w2be24 |      8811    1.886506    .3172143          1          2
      w2be25 |      8989    2.688842    .6680025          1          5
      w2be26 |      8894     1.87306    .3329239          1          2
-------------+--------------------------------------------------------
      w2be27 |      8993    4.880685    1.358665          1          8
      w2be28 |      8897    1.927728    .2589516          1          2
      w2be29 |      8831    4.398822    3.405334          0         99
      w2be30 |      9000    1.102444    .3032487          1          2
      w2be31 |      8998    1.131807    .3382997          1          2
-------------+--------------------------------------------------------
      w2be32 |      8970    1.770011    .9166716          1          4
      w2be33 |      8937    3.034911    1.765173          1          6
      w2be34 |      8902    4.993822    1.989261          1          8
      w2be35 |      8986    1.118518    .3232381          1          2
      w2be36 |      8886    1.766262    .4618873          1          3
-------------+--------------------------------------------------------
    w2be3701 |      8502    .7051282    .4560119          0          1
    w2be3702 |      8502    .6039755    .4890984          0          1
    w2be3703 |      8502    .5926841    .4913635          0          1
    w2be3704 |      8502    .3772054    .4847155          0          1
      w2be38 |      8915    2.798654    .6563051          1          4
-------------+--------------------------------------------------------
      w2be39 |      8958    2.786894    .6279719          1          4
      w2be40 |      8969    3.171926     .657158          1          4
      _merge |      9045           3           0          3          3
        gege |      9045    .1174129    .3647607          0          6
        didi |      9045    .2143726    .4372792          0          6
-------------+--------------------------------------------------------
         jie |      9045    .2332781    .5172589          0          4
         mei |      9045    .1489221    .3954633          0          4
        rank |      9045    1.350691    .6493633          1         10
     xiongdi |      9045    .3317855    .5537568          0          9
      jiemei |      9045    .3822001    .6305413          0          8
-------------+--------------------------------------------------------
      gender |      9045    .4715312    .4992165          0          1
          x1 |      9045    .2002211    .4384242          0          5
          x2 |      9045    .1680486    .4586587          0          8
    fumu_edu |      9045    4.567385    2.038066          1          9
       fudao |      9045    1.063571    1.663221          0         15
