
    variable |         N      mean        sd       min       p50       max
-------------+------------------------------------------------------------
      w2ba22 |   8444.00   1057.32   3459.09      0.00      0.00  99999.00
       fudao |   9045.00      1.06      1.66      0.00      0.00     15.00
       w2a18 |   9000.00      2.05      1.16      1.00      2.00      4.00
       w2a19 |   8977.00      1.73      1.02      1.00      1.00      4.00
      w2ba19 |   8958.00      2.20      1.17      1.00      2.00      5.00
      w2ba20 |   8985.00      1.53      1.05      0.00      1.00      4.00
      gender |   9045.00      0.47      0.50      0.00      0.00      1.00
      jiemei |   9045.00      0.38      0.63      0.00      0.00      8.00
     xiongdi |   9045.00      0.33      0.55      0.00      0.00      9.00
          x1 |   9045.00      0.20      0.44      0.00      0.00      5.00
          x2 |   9045.00      0.17      0.46      0.00      0.00      8.00
       w2a02 |   9045.00      1.67      0.80      1.00      1.00      4.00
        rank |   9045.00      1.35      0.65      1.00      1.00     10.00
    fumu_edu |   9045.00      4.57      2.04      1.00      3.00      9.00
      ctyids |   9045.00     15.37      8.20      1.00     16.00     28.00
      w2be23 |   9045.00      2.81      0.61      1.00      3.00      5.00
--------------------------------------------------------------------------
